[[200, 0, 0], [200, 0, 0], [200, 0, 0], [200, 0, 0], [200, 0, 0], [200, 0, 0], [200, 0, 0], [255, 255, 255], [255, 255, 255], [255, 255, 255], [255, 255, 255], [255, 255, 255], [255, 255, 255], [255, 255, 255], [255, 255, 255]]
[[200, 0, 0], [200, 0, 0], [200, 0, 0], [255, 255, 255], [255, 255, 255], [255, 255, 255], [200, 0, 0], [255, 255, 255], [255, 255, 255], [255, 255, 255], [255, 255, 255], [200, 0, 0], [255, 255, 255], [255, 255, 255], [255, 255, 255]]
[[255, 255, 255], [200, 0, 0], [255, 255, 255], [200, 0, 0], [255, 255, 255], [255, 255, 255], [200, 0, 0], [255, 255, 255], [255, 255, 255], [255, 255, 255], [200, 0, 0], [255, 255, 255], [255, 255, 255], [255, 255, 255], [255, 255, 255]]
[[255, 255, 255], [200, 0, 0], [200, 0, 0], [200, 0, 0], [255, 255, 255], [255, 255, 255], [200, 0, 0], [255, 255, 255], [255, 255, 255], [255, 255, 255], [255, 255, 255], [255, 255, 255], [255, 255, 255], [255, 255, 255], [255, 255, 255]]
[[255, 255, 255], [200, 0, 0], [255, 255, 255], [200, 0, 0], [255, 255, 255], [255, 255, 255], [255, 255, 255], [255, 255, 255], [255, 255, 255], [255, 255, 255], [255, 255, 255], [255, 255, 255], [255, 255, 255], [255, 255, 255], [255, 255, 255]]
[[255, 255, 255], [255, 255, 255], [200, 0, 0], [255, 255, 255], [255, 255, 255], [200, 0, 0], [255, 255, 255], [255, 255, 255], [255, 255, 255], [255, 255, 255], [255, 255, 255], [255, 255, 255], [255, 255, 255], [255, 255, 255], [255, 255, 255]]
[[255, 255, 255], [255, 255, 255], [200, 0, 0], [200, 0, 0], [255, 255, 255], [255, 255, 255], [255, 255, 255], [255, 255, 255], [255, 255, 255], [255, 255, 255], [255, 255, 255], [255, 255, 255], [255, 255, 255], [255, 255, 255], [255, 255, 255]]
[[255, 255, 255], [255, 255, 255], [200, 0, 0], [255, 255, 255], [255, 255, 255], [255, 255, 255], [255, 255, 255], [82, 54, 16], [82, 54, 16], [82, 54, 16], [255, 255, 255], [255, 255, 255], [255, 255, 255], [255, 255, 255], [255, 255, 255]]
[[255, 255, 255], [255, 255, 255], [255, 255, 255], [255, 255, 255], [255, 255, 255], [255, 255, 255], [255, 255, 255], [82, 54, 16], [82, 54, 16], [82, 54, 16], [255, 255, 255], [255, 255, 255], [255, 255, 255], [255, 255, 255], [255, 255, 255]]
[[255, 255, 255], [255, 255, 255], [255, 255, 255], [255, 255, 255], [255, 255, 255], [255, 255, 255], [255, 255, 255], [82, 54, 16], [82, 54, 16], [82, 54, 16], [255, 255, 255], [255, 255, 255], [255, 255, 255], [255, 255, 255], [255, 255, 255]]
[[255, 255, 255], [255, 255, 255], [255, 255, 255], [255, 255, 255], [255, 255, 255], [255, 255, 255], [255, 255, 255], [82, 54, 16], [82, 54, 16], [82, 54, 16], [255, 255, 255], [255, 255, 255], [255, 255, 255], [255, 255, 255], [255, 255, 255]]
[[255, 255, 255], [255, 255, 255], [255, 255, 255], [255, 255, 255], [255, 255, 255], [255, 255, 255], [255, 255, 255], [82, 54, 16], [82, 54, 16], [82, 54, 16], [255, 255, 255], [255, 255, 255], [255, 255, 255], [255, 255, 255], [255, 255, 255]]
