[[255, 255, 255], [255, 255, 255], [255, 255, 255], [255, 255, 255], [255, 255, 255], [255, 255, 255], [255, 255, 255], [255, 255, 255], [255, 255, 255], [255, 255, 255], [255, 255, 255], [255, 255, 255], [255, 255, 255], [255, 255, 255], [255, 255, 255], [255, 255, 255], [255, 255, 255], [255, 255, 255], [255, 255, 255], [255, 255, 255], [255, 255, 255], [255, 255, 255], [255, 255, 255], [255, 255, 255], [255, 255, 255], [255, 255, 255], [255, 255, 255], [255, 255, 255], [128, 128, 128], [255, 255, 255]]
[[255, 255, 255], [255, 255, 255], [255, 255, 255], [255, 255, 255], [255, 255, 255], [255, 255, 255], [255, 255, 255], [255, 255, 255], [255, 255, 255], [255, 255, 255], [255, 255, 255], [255, 255, 255], [255, 255, 255], [255, 255, 255], [255, 255, 255], [255, 255, 255], [255, 255, 255], [255, 255, 255], [255, 255, 255], [255, 255, 255], [255, 255, 255], [255, 255, 255], [255, 255, 255], [255, 255, 255], [255, 255, 255], [255, 255, 255], [255, 255, 0], [128, 128, 128], [255, 102, 0], [255, 255, 255]]
[[255, 255, 255], [255, 255, 255], [255, 255, 255], [255, 255, 255], [255, 255, 255], [255, 255, 255], [255, 255, 255], [255, 255, 255], [255, 255, 255], [255, 255, 255], [255, 255, 255], [255, 255, 255], [255, 255, 255], [255, 255, 255], [255, 255, 255], [255, 255, 255], [255, 255, 255], [255, 255, 255], [255, 255, 255], [255, 255, 255], [255, 255, 255], [255, 255, 255], [255, 255, 255], [255, 255, 255], [255, 0, 255], [255, 255, 0], [128, 128, 128], [255, 102, 0], [255, 255, 255], [255, 255, 255]]
[[255, 255, 255], [255, 255, 255], [255, 255, 255], [255, 255, 255], [255, 255, 255], [255, 255, 255], [255, 255, 255], [255, 255, 255], [255, 255, 255], [255, 255, 255], [255, 255, 255], [255, 255, 255], [255, 255, 255], [255, 255, 255], [255, 255, 255], [255, 255, 255], [255, 255, 255], [255, 255, 255], [255, 255, 255], [255, 255, 255], [255, 255, 255], [255, 255, 255], [0, 255, 255], [255, 0, 255], [255, 255, 0], [128, 128, 128], [255, 102, 0], [200, 0, 0], [255, 255, 255], [255, 255, 255]]
[[255, 255, 255], [255, 255, 255], [255, 255, 255], [255, 255, 255], [255, 255, 255], [255, 255, 255], [255, 255, 255], [255, 255, 255], [255, 255, 255], [255, 255, 255], [255, 255, 255], [255, 255, 255], [255, 255, 255], [255, 255, 255], [255, 255, 255], [255, 255, 255], [255, 255, 255], [255, 255, 255], [255, 255, 255], [255, 255, 255], [255, 150, 0], [0, 255, 255], [255, 0, 255], [255, 255, 0], [128, 128, 128], [255, 102, 0], [200, 0, 0], [255, 255, 255], [255, 255, 255], [255, 255, 255]]
[[255, 255, 255], [255, 255, 255], [255, 255, 255], [255, 255, 255], [255, 255, 255], [255, 255, 255], [255, 255, 255], [255, 255, 255], [255, 255, 255], [255, 255, 255], [255, 255, 255], [255, 255, 255], [255, 255, 255], [255, 255, 255], [255, 255, 255], [255, 255, 255], [255, 255, 255], [255, 255, 255], [0, 0, 200], [255, 150, 0], [0, 255, 255], [255, 0, 255], [255, 255, 0], [128, 128, 128], [255, 102, 0], [200, 0, 0], [0, 200, 0], [255, 255, 255], [255, 255, 255], [255, 255, 255]]
[[255, 255, 255], [255, 255, 255], [255, 255, 255], [255, 255, 255], [255, 255, 255], [255, 255, 255], [255, 255, 255], [255, 255, 255], [255, 255, 255], [255, 255, 255], [255, 255, 255], [255, 255, 255], [255, 255, 255], [255, 255, 255], [255, 255, 255], [255, 255, 255], [0, 200, 0], [0, 0, 200], [255, 150, 0], [0, 255, 255], [255, 0, 255], [255, 255, 0], [128, 128, 128], [255, 102, 0], [200, 0, 0], [0, 200, 0], [255, 255, 255], [255, 255, 255], [255, 255, 255], [255, 255, 255]]
[[255, 255, 255], [255, 255, 255], [255, 255, 255], [255, 255, 255], [255, 255, 255], [255, 255, 255], [255, 255, 255], [255, 255, 255], [255, 255, 255], [255, 255, 255], [255, 255, 255], [255, 255, 255], [255, 255, 255], [255, 255, 255], [200, 0, 0], [0, 200, 0], [0, 0, 200], [255, 150, 0], [0, 255, 255], [255, 0, 255], [255, 255, 0], [128, 128, 128], [255, 102, 0], [200, 0, 0], [0, 200, 0], [0, 0, 200], [255, 255, 255], [255, 255, 255], [255, 255, 255], [255, 255, 255]]
[[255, 255, 255], [255, 255, 255], [255, 255, 255], [255, 255, 255], [255, 255, 255], [255, 255, 255], [255, 255, 255], [255, 255, 255], [255, 255, 255], [255, 255, 255], [255, 255, 255], [255, 255, 255], [255, 102, 0], [200, 0, 0], [0, 200, 0], [0, 0, 200], [255, 150, 0], [0, 255, 255], [255, 0, 255], [255, 255, 0], [128, 128, 128], [255, 102, 0], [200, 0, 0], [0, 200, 0], [0, 0, 200], [255, 255, 255], [255, 255, 255], [255, 255, 255], [255, 255, 255], [255, 255, 255]]
[[255, 255, 255], [255, 255, 255], [255, 255, 255], [255, 255, 255], [255, 255, 255], [255, 255, 255], [255, 255, 255], [255, 255, 255], [255, 255, 255], [255, 255, 255], [255, 255, 255], [255, 102, 0], [82, 54, 16], [82, 54, 16], [82, 54, 16], [82, 54, 16], [82, 54, 16], [82, 54, 16], [82, 54, 16], [82, 54, 16], [255, 102, 0], [200, 0, 0], [0, 200, 0], [0, 0, 200], [255, 150, 0], [255, 255, 255], [255, 255, 255], [255, 255, 255], [255, 255, 255], [255, 255, 255]]
[[255, 255, 255], [255, 255, 255], [255, 255, 255], [255, 255, 255], [255, 255, 255], [255, 255, 255], [255, 255, 255], [255, 255, 255], [255, 255, 255], [255, 255, 255], [255, 255, 255], [200, 0, 0], [82, 54, 16], [82, 54, 16], [82, 54, 16], [82, 54, 16], [82, 54, 16], [82, 54, 16], [82, 54, 16], [82, 54, 16], [200, 0, 0], [0, 200, 0], [0, 0, 200], [255, 150, 0], [255, 255, 255], [255, 255, 255], [255, 255, 255], [255, 255, 255], [255, 255, 255], [255, 255, 255]]
[[255, 255, 255], [255, 255, 255], [255, 255, 255], [255, 255, 255], [255, 255, 255], [255, 255, 255], [255, 255, 255], [255, 255, 255], [255, 255, 255], [255, 255, 255], [200, 0, 0], [0, 200, 0], [82, 54, 16], [82, 54, 16], [82, 54, 16], [82, 54, 16], [82, 54, 16], [82, 54, 16], [82, 54, 16], [82, 54, 16], [0, 200, 0], [0, 0, 200], [255, 150, 0], [0, 255, 255], [255, 255, 255], [255, 255, 255], [255, 255, 255], [255, 255, 255], [255, 255, 255], [255, 255, 255]]
[[255, 255, 255], [255, 255, 255], [255, 255, 255], [255, 255, 255], [255, 255, 255], [255, 255, 255], [255, 255, 255], [255, 255, 255], [255, 255, 255], [255, 255, 255], [0, 200, 0], [0, 0, 200], [82, 54, 16], [82, 54, 16], [82, 54, 16], [82, 54, 16], [82, 54, 16], [82, 54, 16], [82, 54, 16], [82, 54, 16], [0, 0, 200], [255, 150, 0], [0, 255, 255], [255, 255, 255], [255, 255, 255], [255, 255, 255], [255, 255, 255], [255, 255, 255], [255, 255, 255], [255, 255, 255]]
[[255, 255, 255], [255, 255, 255], [255, 255, 255], [255, 255, 255], [255, 255, 255], [255, 255, 255], [255, 255, 255], [255, 255, 255], [255, 255, 255], [0, 200, 0], [0, 0, 200], [255, 150, 0], [82, 54, 16], [82, 54, 16], [82, 54, 16], [82, 54, 16], [82, 54, 16], [82, 54, 16], [82, 54, 16], [82, 54, 16], [255, 150, 0], [0, 255, 255], [255, 0, 255], [255, 255, 255], [255, 255, 255], [255, 255, 255], [255, 255, 255], [255, 255, 255], [255, 255, 255], [255, 255, 255]]
[[255, 255, 255], [255, 255, 255], [255, 255, 255], [255, 255, 255], [255, 255, 255], [255, 255, 255], [255, 255, 255], [255, 255, 255], [255, 255, 255], [0, 0, 200], [255, 150, 0], [0, 255, 255], [82, 54, 16], [82, 54, 16], [82, 54, 16], [82, 54, 16], [82, 54, 16], [82, 54, 16], [82, 54, 16], [82, 54, 16], [0, 255, 255], [255, 0, 255], [255, 255, 255], [255, 255, 255], [255, 255, 255], [255, 255, 255], [255, 255, 255], [255, 255, 255], [255, 255, 255], [255, 255, 255]]
[[255, 255, 255], [255, 255, 255], [255, 255, 255], [255, 255, 255], [255, 255, 255], [255, 255, 255], [255, 255, 255], [255, 255, 255], [0, 0, 200], [255, 150, 0], [0, 255, 255], [255, 0, 255], [82, 54, 16], [82, 54, 16], [82, 54, 16], [82, 54, 16], [82, 54, 16], [82, 54, 16], [82, 54, 16], [82, 54, 16], [255, 0, 255], [255, 255, 0], [255, 255, 255], [255, 255, 255], [255, 255, 255], [255, 255, 255], [255, 255, 255], [255, 255, 255], [255, 255, 255], [255, 255, 255]]
[[255, 255, 255], [255, 255, 255], [255, 255, 255], [255, 255, 255], [255, 255, 255], [255, 255, 255], [255, 255, 255], [255, 255, 255], [255, 150, 0], [0, 255, 255], [255, 0, 255], [255, 255, 0], [82, 54, 16], [82, 54, 16], [82, 54, 16], [82, 54, 16], [82, 54, 16], [82, 54, 16], [82, 54, 16], [82, 54, 16], [255, 255, 0], [255, 255, 255], [255, 255, 255], [255, 255, 255], [255, 255, 255], [255, 255, 255], [255, 255, 255], [255, 255, 255], [255, 255, 255], [255, 255, 255]]
[[255, 255, 255], [255, 255, 255], [255, 255, 255], [255, 255, 255], [255, 255, 255], [255, 255, 255], [255, 255, 255], [255, 150, 0], [0, 255, 255], [255, 0, 255], [255, 255, 0], [128, 128, 128], [255, 102, 0], [200, 0, 0], [0, 200, 0], [0, 0, 200], [255, 150, 0], [0, 255, 255], [255, 0, 255], [255, 255, 0], [128, 128, 128], [255, 255, 255], [255, 255, 255], [255, 255, 255], [255, 255, 255], [255, 255, 255], [255, 255, 255], [255, 255, 255], [255, 255, 255], [255, 255, 255]]
[[255, 255, 255], [255, 255, 255], [255, 255, 255], [255, 255, 255], [255, 255, 255], [255, 255, 255], [255, 255, 255], [0, 255, 255], [255, 0, 255], [255, 255, 0], [128, 128, 128], [255, 102, 0], [200, 0, 0], [0, 200, 0], [0, 0, 200], [255, 150, 0], [0, 255, 255], [255, 0, 255], [255, 255, 0], [255, 255, 255], [255, 255, 255], [255, 255, 255], [255, 255, 255], [255, 255, 255], [255, 255, 255], [255, 255, 255], [255, 255, 255], [255, 255, 255], [255, 255, 255], [255, 255, 255]]
[[255, 255, 255], [255, 255, 255], [255, 255, 255], [255, 255, 255], [255, 255, 255], [255, 255, 255], [0, 255, 255], [255, 0, 255], [255, 255, 0], [128, 128, 128], [255, 102, 0], [200, 0, 0], [0, 200, 0], [0, 0, 200], [255, 150, 0], [0, 255, 255], [255, 0, 255], [255, 255, 255], [255, 255, 255], [255, 255, 255], [255, 255, 255], [255, 255, 255], [255, 255, 255], [255, 255, 255], [255, 255, 255], [255, 255, 255], [255, 255, 255], [255, 255, 255], [255, 255, 255], [255, 255, 255]]
[[255, 255, 255], [255, 255, 255], [255, 255, 255], [255, 255, 255], [255, 255, 255], [255, 255, 255], [255, 0, 255], [255, 255, 0], [128, 128, 128], [255, 102, 0], [200, 0, 0], [0, 200, 0], [0, 0, 200], [255, 150, 0], [0, 255, 255], [255, 255, 255], [255, 255, 255], [255, 255, 255], [255, 255, 255], [255, 255, 255], [255, 255, 255], [255, 255, 255], [255, 255, 255], [255, 255, 255], [255, 255, 255], [255, 255, 255], [255, 255, 255], [255, 255, 255], [255, 255, 255], [255, 255, 255]]
[[255, 255, 255], [255, 255, 255], [255, 255, 255], [255, 255, 255], [255, 255, 255], [255, 0, 255], [255, 255, 0], [128, 128, 128], [255, 102, 0], [200, 0, 0], [0, 200, 0], [0, 0, 200], [255, 150, 0], [255, 255, 255], [255, 255, 255], [255, 255, 255], [255, 255, 255], [255, 255, 255], [255, 255, 255], [255, 255, 255], [255, 255, 255], [255, 255, 255], [255, 255, 255], [255, 255, 255], [255, 255, 255], [255, 255, 255], [255, 255, 255], [255, 255, 255], [255, 255, 255], [255, 255, 255]]
[[255, 255, 255], [255, 255, 255], [255, 255, 255], [255, 255, 255], [255, 255, 255], [255, 255, 0], [128, 128, 128], [255, 102, 0], [200, 0, 0], [0, 200, 0], [0, 0, 200], [255, 255, 255], [255, 255, 255], [255, 255, 255], [255, 255, 255], [255, 255, 255], [255, 255, 255], [255, 255, 255], [255, 255, 255], [255, 255, 255], [255, 255, 255], [255, 255, 255], [255, 255, 255], [255, 255, 255], [255, 255, 255], [255, 255, 255], [255, 255, 255], [255, 255, 255], [255, 255, 255], [255, 255, 255]]
[[255, 255, 255], [255, 255, 255], [255, 255, 255], [255, 255, 255], [255, 255, 0], [128, 128, 128], [255, 102, 0], [200, 0, 0], [0, 200, 0], [255, 255, 255], [255, 255, 255], [255, 255, 255], [255, 255, 255], [255, 255, 255], [255, 255, 255], [255, 255, 255], [255, 255, 255], [255, 255, 255], [255, 255, 255], [255, 255, 255], [255, 255, 255], [255, 255, 255], [255, 255, 255], [255, 255, 255], [255, 255, 255], [255, 255, 255], [255, 255, 255], [255, 255, 255], [255, 255, 255], [255, 255, 255]]
