[[0, 255, 255], [0, 255, 255], [0, 255, 255], [0, 255, 255], [0, 255, 255], [0, 255, 255], [0, 255, 255], [0, 255, 255], [0, 255, 255], [0, 255, 255], [0, 255, 255], [0, 255, 255], [0, 255, 255], [0, 255, 255], [0, 255, 255], [0, 255, 255], [0, 255, 255], [0, 255, 255], [0, 255, 255], [0, 255, 255], [0, 255, 255], [0, 255, 255], [0, 255, 255], [0, 255, 255], [0, 255, 255], [0, 255, 255], [0, 255, 255], [0, 255, 255], [0, 255, 255], [0, 255, 255]]
[[0, 255, 255], [0, 255, 255], [0, 255, 255], [0, 255, 255], [0, 255, 255], [0, 255, 255], [0, 255, 255], [0, 255, 255], [0, 255, 255], [0, 255, 255], [0, 255, 255], [0, 255, 255], [0, 255, 255], [0, 255, 255], [0, 255, 255], [0, 255, 255], [0, 255, 255], [0, 255, 255], [0, 255, 255], [0, 255, 255], [0, 255, 255], [0, 255, 255], [0, 255, 255], [0, 255, 255], [0, 255, 255], [0, 255, 255], [0, 255, 255], [0, 255, 255], [0, 255, 255], [0, 255, 255]]
[[0, 255, 255], [0, 255, 255], [128, 128, 128], [128, 128, 128], [0, 255, 255], [128, 128, 128], [0, 255, 255], [0, 255, 255], [0, 255, 255], [128, 128, 128], [0, 255, 255], [128, 128, 128], [128, 128, 128], [128, 128, 128], [0, 255, 255], [128, 128, 128], [0, 255, 255], [0, 255, 255], [0, 255, 255], [128, 128, 128], [0, 255, 255], [0, 255, 255], [0, 255, 255], [128, 128, 128], [128, 128, 128], [0, 255, 255], [0, 255, 255], [0, 255, 255], [0, 255, 255], [0, 255, 255]]
[[0, 255, 255], [0, 255, 255], [128, 128, 128], [0, 255, 255], [0, 255, 255], [0, 255, 255], [128, 128, 128], [0, 255, 255], [128, 128, 128], [0, 255, 255], [0, 255, 255], [128, 128, 128], [0, 255, 255], [128, 128, 128], [0, 255, 255], [128, 128, 128], [0, 255, 255], [0, 255, 255], [128, 128, 128], [0, 255, 255], [128, 128, 128], [0, 255, 255], [0, 255, 255], [128, 128, 128], [0, 255, 255], [128, 128, 128], [0, 255, 255], [0, 255, 255], [0, 255, 255], [0, 255, 255]]
[[0, 255, 255], [0, 255, 255], [128, 128, 128], [128, 128, 128], [0, 255, 255], [0, 255, 255], [0, 255, 255], [128, 128, 128], [0, 255, 255], [0, 255, 255], [0, 255, 255], [128, 128, 128], [128, 128, 128], [128, 128, 128], [0, 255, 255], [128, 128, 128], [0, 255, 255], [128, 128, 128], [0, 255, 255], [0, 255, 255], [0, 255, 255], [128, 128, 128], [0, 255, 255], [128, 128, 128], [128, 128, 128], [0, 255, 255], [0, 255, 255], [0, 255, 255], [0, 255, 255], [0, 255, 255]]
[[0, 255, 255], [0, 255, 255], [128, 128, 128], [0, 255, 255], [0, 255, 255], [0, 255, 255], [128, 128, 128], [0, 255, 255], [128, 128, 128], [0, 255, 255], [0, 255, 255], [128, 128, 128], [0, 255, 255], [0, 255, 255], [0, 255, 255], [128, 128, 128], [0, 255, 255], [0, 255, 255], [128, 128, 128], [0, 255, 255], [128, 128, 128], [0, 255, 255], [0, 255, 255], [128, 128, 128], [0, 255, 255], [128, 128, 128], [0, 255, 255], [0, 255, 255], [0, 255, 255], [0, 255, 255]]
[[0, 255, 255], [0, 255, 255], [128, 128, 128], [128, 128, 128], [0, 255, 255], [128, 128, 128], [0, 255, 255], [0, 255, 255], [0, 255, 255], [128, 128, 128], [0, 255, 255], [128, 128, 128], [0, 255, 255], [0, 255, 255], [0, 255, 255], [128, 128, 128], [128, 128, 128], [0, 255, 255], [0, 255, 255], [128, 128, 128], [0, 255, 255], [0, 255, 255], [0, 255, 255], [128, 128, 128], [0, 255, 255], [0, 255, 255], [128, 128, 128], [0, 255, 255], [0, 255, 255], [0, 255, 255]]
[[0, 255, 255], [0, 255, 255], [0, 255, 255], [0, 255, 255], [0, 255, 255], [0, 255, 255], [0, 255, 255], [0, 255, 255], [0, 255, 255], [0, 255, 255], [0, 255, 255], [0, 255, 255], [0, 255, 255], [0, 255, 255], [0, 255, 255], [0, 255, 255], [0, 255, 255], [0, 255, 255], [0, 255, 255], [0, 255, 255], [0, 255, 255], [0, 255, 255], [0, 255, 255], [0, 255, 255], [0, 255, 255], [0, 255, 255], [0, 255, 255], [0, 255, 255], [0, 255, 255], [0, 255, 255]]
[[0, 0, 0], [0, 255, 255], [0, 255, 255], [0, 255, 255], [0, 255, 255], [0, 255, 255], [0, 255, 255], [0, 255, 255], [0, 255, 255], [0, 255, 255], [0, 255, 255], [0, 255, 255], [0, 255, 255], [0, 255, 255], [0, 255, 255], [0, 255, 255], [0, 255, 255], [0, 255, 255], [0, 255, 255], [0, 255, 255], [0, 255, 255], [0, 255, 255], [0, 255, 255], [0, 255, 255], [0, 255, 255], [0, 255, 255], [0, 255, 255], [0, 255, 255], [0, 255, 255], [0, 255, 255]]
[[0, 0, 0], [0, 255, 255], [0, 255, 255], [0, 255, 255], [0, 255, 255], [0, 255, 255], [0, 255, 255], [0, 255, 255], [0, 255, 255], [0, 255, 255], [0, 255, 255], [0, 255, 255], [0, 255, 255], [0, 255, 255], [0, 255, 255], [0, 255, 255], [0, 255, 255], [0, 255, 255], [0, 255, 255], [0, 255, 255], [0, 255, 255], [0, 255, 255], [0, 255, 255], [0, 255, 255], [0, 255, 255], [0, 255, 255], [0, 255, 255], [0, 255, 255], [0, 255, 255], [0, 255, 255]]
[[139, 69, 19], [139, 69, 19], [139, 69, 19], [0, 255, 255], [0, 255, 255], [0, 255, 255], [0, 255, 255], [0, 255, 255], [0, 255, 255], [0, 255, 255], [0, 255, 255], [0, 255, 255], [0, 255, 255], [0, 255, 255], [0, 255, 255], [0, 255, 255], [0, 255, 255], [0, 255, 255], [0, 255, 255], [0, 255, 255], [0, 255, 255], [0, 255, 255], [0, 255, 255], [0, 255, 255], [0, 255, 255], [0, 255, 255], [0, 255, 255], [0, 255, 255], [0, 255, 255], [0, 255, 255]]
[[139, 69, 19], [139, 69, 19], [139, 69, 19], [0, 255, 255], [139, 69, 19], [0, 255, 255], [0, 255, 255], [0, 255, 255], [0, 255, 255], [0, 255, 255], [0, 255, 255], [0, 255, 255], [0, 255, 255], [0, 255, 255], [0, 255, 255], [0, 255, 255], [0, 255, 255], [0, 255, 255], [0, 255, 255], [0, 255, 255], [0, 255, 255], [0, 255, 255], [0, 255, 255], [0, 255, 255], [0, 255, 255], [0, 255, 255], [0, 255, 255], [0, 255, 255], [0, 255, 255], [0, 255, 255]]
[[139, 69, 19], [139, 69, 19], [139, 69, 19], [0, 255, 255], [139, 69, 19], [0, 255, 255], [139, 69, 19], [139, 69, 19], [0, 255, 255], [0, 255, 255], [0, 255, 255], [0, 255, 255], [0, 255, 255], [0, 255, 255], [0, 255, 255], [0, 255, 255], [0, 255, 255], [0, 255, 255], [0, 255, 255], [0, 255, 255], [0, 255, 255], [0, 255, 255], [0, 255, 255], [0, 255, 255], [0, 255, 255], [0, 255, 255], [0, 255, 255], [0, 255, 255], [0, 255, 255], [0, 255, 255]]
[[0, 255, 255], [0, 255, 255], [0, 255, 255], [0, 255, 255], [0, 255, 255], [0, 255, 255], [139, 69, 19], [139, 69, 19], [0, 255, 255], [0, 255, 255], [0, 255, 255], [0, 255, 255], [0, 255, 255], [0, 255, 255], [0, 255, 255], [0, 255, 255], [0, 255, 255], [0, 255, 255], [0, 255, 255], [0, 255, 255], [0, 255, 255], [0, 255, 255], [0, 255, 255], [0, 255, 255], [0, 255, 255], [0, 255, 255], [0, 255, 255], [0, 255, 255], [0, 255, 255], [0, 255, 255]]
[[0, 255, 255], [0, 255, 255], [0, 255, 255], [0, 255, 255], [0, 255, 255], [0, 255, 255], [0, 255, 255], [0, 255, 255], [0, 255, 255], [139, 69, 19], [139, 69, 19], [0, 255, 255], [0, 255, 255], [0, 255, 255], [0, 255, 255], [0, 255, 255], [0, 255, 255], [0, 255, 255], [0, 255, 255], [0, 255, 255], [0, 255, 255], [0, 255, 255], [0, 255, 255], [0, 255, 255], [0, 255, 255], [0, 255, 255], [0, 255, 255], [0, 255, 255], [0, 255, 255], [139, 69, 19]]
[[0, 255, 255], [0, 255, 255], [0, 255, 255], [0, 255, 255], [0, 255, 255], [0, 255, 255], [0, 255, 255], [0, 255, 255], [0, 255, 255], [139, 69, 19], [139, 69, 19], [0, 255, 255], [0, 255, 255], [0, 255, 255], [0, 255, 255], [0, 255, 255], [0, 255, 255], [0, 255, 255], [0, 255, 255], [0, 255, 255], [0, 255, 255], [0, 255, 255], [0, 255, 255], [0, 255, 255], [0, 255, 255], [0, 255, 255], [0, 255, 255], [0, 255, 255], [139, 69, 19], [139, 69, 19]]
[[0, 255, 255], [0, 255, 255], [0, 255, 255], [0, 255, 255], [0, 255, 255], [0, 255, 255], [0, 255, 255], [0, 255, 255], [0, 255, 255], [0, 255, 255], [0, 255, 255], [0, 255, 255], [0, 255, 255], [0, 255, 255], [0, 255, 255], [0, 255, 255], [0, 255, 255], [0, 255, 255], [0, 255, 255], [0, 255, 255], [0, 255, 255], [0, 255, 255], [0, 255, 255], [0, 255, 255], [0, 255, 255], [0, 255, 255], [0, 255, 255], [139, 69, 19], [139, 69, 19], [139, 69, 19]]
[[0, 255, 255], [0, 255, 255], [0, 255, 255], [0, 255, 255], [0, 255, 255], [0, 255, 255], [0, 255, 255], [0, 255, 255], [0, 255, 255], [0, 255, 255], [0, 255, 255], [0, 255, 255], [0, 255, 255], [0, 255, 255], [0, 255, 255], [0, 255, 255], [0, 255, 255], [0, 255, 255], [0, 255, 255], [0, 255, 255], [0, 255, 255], [0, 255, 255], [0, 255, 255], [0, 255, 255], [0, 255, 255], [0, 255, 255], [0, 255, 255], [139, 69, 19], [139, 69, 19], [139, 69, 19]]
[[0, 255, 255], [0, 255, 255], [0, 255, 255], [0, 255, 255], [0, 255, 255], [0, 255, 255], [0, 255, 255], [0, 255, 255], [0, 255, 255], [0, 255, 255], [0, 255, 255], [139, 69, 19], [139, 69, 19], [139, 69, 19], [139, 69, 19], [139, 69, 19], [139, 69, 19], [139, 69, 19], [139, 69, 19], [255, 0, 0], [255, 0, 0], [255, 0, 0], [255, 0, 0], [139, 69, 19], [139, 69, 19], [139, 69, 19], [139, 69, 19], [139, 69, 19], [139, 69, 19], [139, 69, 19]]
[[0, 255, 255], [0, 255, 255], [0, 255, 255], [0, 255, 255], [0, 255, 255], [0, 255, 255], [0, 255, 255], [0, 255, 255], [0, 255, 255], [0, 255, 255], [139, 69, 19], [139, 69, 19], [139, 69, 19], [139, 69, 19], [139, 69, 19], [139, 69, 19], [139, 69, 19], [139, 69, 19], [139, 69, 19], [139, 69, 19], [139, 69, 19], [139, 69, 19], [139, 69, 19], [139, 69, 19], [139, 69, 19], [139, 69, 19], [139, 69, 19], [139, 69, 19], [139, 69, 19], [139, 69, 19]]
[[0, 255, 255], [0, 255, 255], [0, 255, 255], [0, 255, 255], [0, 255, 255], [0, 255, 255], [0, 255, 255], [0, 255, 255], [0, 255, 255], [139, 69, 19], [139, 69, 19], [139, 69, 19], [139, 69, 19], [139, 69, 19], [139, 69, 19], [139, 69, 19], [139, 69, 19], [139, 69, 19], [139, 69, 19], [139, 69, 19], [139, 69, 19], [139, 69, 19], [139, 69, 19], [139, 69, 19], [139, 69, 19], [139, 69, 19], [139, 69, 19], [139, 69, 19], [139, 69, 19], [139, 69, 19]]
[[0, 255, 255], [0, 255, 255], [0, 255, 255], [0, 255, 255], [0, 255, 255], [0, 255, 255], [139, 69, 19], [139, 69, 19], [139, 69, 19], [139, 69, 19], [139, 69, 19], [139, 69, 19], [139, 69, 19], [139, 69, 19], [139, 69, 19], [139, 69, 19], [139, 69, 19], [139, 69, 19], [139, 69, 19], [139, 69, 19], [139, 69, 19], [139, 69, 19], [139, 69, 19], [139, 69, 19], [139, 69, 19], [139, 69, 19], [139, 69, 19], [139, 69, 19], [139, 69, 19], [139, 69, 19]]
[[0, 200, 0], [0, 200, 0], [0, 200, 0], [0, 200, 0], [0, 200, 0], [0, 200, 0], [0, 200, 0], [0, 200, 0], [0, 200, 0], [0, 200, 0], [0, 200, 0], [0, 200, 0], [0, 200, 0], [0, 200, 0], [0, 200, 0], [0, 200, 0], [0, 200, 0], [0, 200, 0], [0, 200, 0], [0, 200, 0], [0, 200, 0], [0, 200, 0], [0, 200, 0], [0, 200, 0], [0, 200, 0], [0, 200, 0], [0, 200, 0], [0, 200, 0], [0, 200, 0], [0, 200, 0]]
[[0, 200, 0], [0, 200, 0], [0, 200, 0], [0, 200, 0], [0, 200, 0], [0, 200, 0], [0, 200, 0], [0, 200, 0], [0, 200, 0], [0, 200, 0], [0, 200, 0], [0, 200, 0], [0, 200, 0], [0, 200, 0], [0, 200, 0], [0, 200, 0], [0, 200, 0], [0, 200, 0], [0, 200, 0], [0, 200, 0], [0, 200, 0], [0, 200, 0], [0, 200, 0], [0, 200, 0], [0, 200, 0], [0, 200, 0], [0, 200, 0], [0, 200, 0], [0, 200, 0], [0, 200, 0]]
