[[255, 255, 0], [255, 255, 0], [255, 255, 0], [255, 255, 0], [255, 255, 0], [255, 255, 0], [0, 255, 255], [0, 255, 255], [0, 255, 255], [0, 255, 255], [0, 255, 255], [0, 255, 255], [0, 255, 255], [0, 255, 255], [0, 255, 255], [0, 255, 255], [0, 255, 255], [0, 255, 255], [0, 255, 255], [0, 255, 255], [0, 255, 255], [0, 255, 255], [0, 255, 255], [0, 255, 255], [0, 255, 255], [0, 255, 255], [0, 255, 255], [0, 255, 255], [0, 255, 255], [0, 255, 255]]
[[255, 255, 0], [255, 255, 0], [255, 255, 0], [255, 255, 0], [255, 255, 0], [0, 255, 255], [0, 255, 255], [0, 255, 255], [0, 255, 255], [128, 128, 128], [128, 128, 128], [0, 255, 255], [0, 255, 255], [0, 255, 255], [0, 255, 255], [0, 255, 255], [0, 255, 255], [0, 255, 255], [0, 255, 255], [0, 255, 255], [0, 255, 255], [0, 255, 255], [0, 255, 255], [0, 255, 255], [0, 255, 255], [0, 255, 255], [0, 255, 255], [0, 255, 255], [0, 255, 255], [0, 255, 255]]
[[255, 255, 0], [255, 255, 0], [255, 255, 0], [255, 255, 0], [0, 255, 255], [0, 255, 255], [0, 255, 255], [0, 255, 255], [0, 255, 255], [128, 128, 128], [128, 128, 128], [0, 255, 255], [0, 255, 255], [0, 255, 255], [0, 255, 255], [0, 255, 255], [0, 255, 255], [0, 255, 255], [0, 255, 255], [0, 255, 255], [0, 255, 255], [0, 255, 255], [0, 255, 255], [0, 255, 255], [0, 255, 255], [0, 255, 255], [0, 255, 255], [0, 255, 255], [0, 255, 255], [0, 255, 255]]
[[255, 255, 0], [255, 255, 0], [255, 255, 0], [0, 255, 255], [0, 255, 255], [0, 255, 255], [0, 255, 255], [0, 255, 255], [128, 128, 128], [128, 128, 128], [128, 128, 128], [128, 128, 128], [0, 255, 255], [0, 255, 255], [0, 255, 255], [0, 255, 255], [0, 255, 255], [0, 255, 255], [0, 255, 255], [0, 255, 255], [0, 255, 255], [0, 255, 255], [0, 255, 255], [0, 255, 255], [0, 255, 255], [0, 255, 255], [0, 255, 255], [0, 255, 255], [0, 255, 255], [0, 255, 255]]
[[255, 255, 0], [255, 255, 0], [0, 255, 255], [0, 255, 255], [0, 255, 255], [0, 255, 255], [0, 255, 255], [0, 255, 255], [128, 128, 128], [0, 0, 0], [0, 0, 0], [128, 128, 128], [0, 255, 255], [0, 255, 255], [0, 255, 255], [0, 255, 255], [0, 255, 255], [0, 255, 255], [0, 255, 255], [0, 255, 255], [0, 255, 255], [0, 255, 255], [0, 255, 255], [0, 255, 255], [0, 255, 255], [0, 255, 255], [0, 255, 255], [0, 255, 255], [0, 255, 255], [0, 255, 255]]
[[255, 255, 0], [0, 255, 255], [0, 255, 255], [0, 255, 255], [0, 255, 255], [0, 255, 255], [0, 255, 255], [0, 255, 255], [0, 255, 255], [0, 0, 0], [0, 0, 0], [0, 255, 255], [0, 255, 255], [0, 255, 255], [0, 255, 255], [0, 255, 255], [0, 255, 255], [0, 200, 0], [0, 200, 0], [0, 200, 0], [0, 200, 0], [0, 200, 0], [0, 200, 0], [0, 200, 0], [0, 200, 0], [0, 200, 0], [0, 255, 255], [0, 255, 255], [0, 255, 255], [0, 255, 255]]
[[0, 255, 255], [0, 255, 255], [0, 255, 255], [0, 255, 255], [0, 255, 255], [0, 255, 255], [200, 0, 0], [200, 0, 0], [0, 255, 255], [0, 0, 0], [0, 0, 0], [0, 255, 255], [0, 255, 255], [0, 255, 255], [0, 255, 255], [0, 255, 255], [0, 200, 0], [0, 200, 0], [255, 0, 0], [255, 0, 0], [0, 200, 0], [0, 200, 0], [0, 200, 0], [0, 200, 0], [0, 200, 0], [0, 200, 0], [0, 200, 0], [0, 255, 255], [0, 255, 255], [0, 255, 255]]
[[0, 255, 255], [0, 255, 255], [0, 255, 255], [0, 255, 255], [0, 255, 255], [200, 0, 0], [200, 0, 0], [200, 0, 0], [200, 0, 0], [0, 0, 0], [0, 0, 0], [0, 255, 255], [0, 255, 255], [0, 255, 255], [0, 255, 255], [0, 255, 255], [0, 200, 0], [0, 200, 0], [255, 0, 0], [255, 0, 0], [0, 200, 0], [0, 200, 0], [0, 200, 0], [0, 200, 0], [0, 200, 0], [0, 200, 0], [0, 200, 0], [0, 255, 255], [0, 255, 255], [0, 255, 255]]
[[0, 255, 255], [0, 255, 255], [0, 255, 255], [0, 255, 255], [200, 0, 0], [200, 0, 0], [200, 0, 0], [200, 0, 0], [200, 0, 0], [200, 0, 0], [0, 0, 0], [0, 255, 255], [0, 255, 255], [0, 255, 255], [0, 255, 255], [0, 255, 255], [0, 200, 0], [0, 200, 0], [0, 200, 0], [0, 200, 0], [0, 200, 0], [0, 200, 0], [0, 200, 0], [0, 200, 0], [255, 0, 0], [255, 0, 0], [0, 200, 0], [0, 255, 255], [0, 255, 255], [0, 255, 255]]
[[0, 255, 255], [0, 255, 255], [0, 255, 255], [200, 0, 0], [200, 0, 0], [200, 0, 0], [200, 0, 0], [200, 0, 0], [200, 0, 0], [200, 0, 0], [200, 0, 0], [0, 255, 255], [0, 255, 255], [0, 255, 255], [0, 255, 255], [0, 255, 255], [0, 200, 0], [0, 200, 0], [0, 200, 0], [0, 200, 0], [0, 200, 0], [0, 200, 0], [0, 200, 0], [0, 200, 0], [255, 0, 0], [255, 0, 0], [0, 200, 0], [0, 255, 255], [0, 255, 255], [0, 255, 255]]
[[0, 255, 255], [0, 255, 255], [200, 0, 0], [200, 0, 0], [200, 0, 0], [200, 0, 0], [200, 0, 0], [200, 0, 0], [200, 0, 0], [200, 0, 0], [200, 0, 0], [200, 0, 0], [0, 255, 255], [0, 255, 255], [0, 255, 255], [0, 255, 255], [0, 200, 0], [0, 200, 0], [0, 200, 0], [255, 0, 0], [255, 0, 0], [0, 200, 0], [0, 200, 0], [0, 200, 0], [0, 200, 0], [0, 200, 0], [0, 200, 0], [0, 255, 255], [0, 255, 255], [0, 255, 255]]
[[0, 255, 255], [0, 255, 255], [200, 0, 0], [200, 0, 0], [200, 0, 0], [200, 0, 0], [200, 0, 0], [200, 0, 0], [200, 0, 0], [200, 0, 0], [200, 0, 0], [200, 0, 0], [0, 255, 255], [0, 255, 255], [0, 255, 255], [0, 255, 255], [0, 200, 0], [0, 200, 0], [0, 200, 0], [255, 0, 0], [255, 0, 0], [0, 200, 0], [0, 200, 0], [0, 200, 0], [0, 200, 0], [0, 200, 0], [0, 200, 0], [0, 255, 255], [0, 255, 255], [0, 255, 255]]
[[0, 255, 255], [0, 255, 255], [255, 102, 0], [255, 102, 0], [255, 102, 0], [255, 102, 0], [255, 102, 0], [255, 102, 0], [255, 102, 0], [255, 102, 0], [255, 102, 0], [255, 102, 0], [0, 255, 255], [0, 255, 255], [0, 255, 255], [0, 255, 255], [0, 255, 255], [0, 200, 0], [0, 200, 0], [0, 200, 0], [0, 200, 0], [0, 200, 0], [0, 200, 0], [0, 200, 0], [0, 200, 0], [0, 200, 0], [0, 255, 255], [0, 255, 255], [0, 255, 255], [0, 255, 255]]
[[0, 255, 255], [0, 255, 255], [255, 102, 0], [255, 102, 0], [255, 102, 0], [255, 102, 0], [255, 102, 0], [255, 102, 0], [255, 102, 0], [255, 102, 0], [255, 102, 0], [255, 102, 0], [0, 255, 255], [0, 255, 255], [0, 255, 255], [0, 255, 255], [0, 255, 255], [0, 255, 255], [0, 255, 255], [0, 255, 255], [139, 69, 19], [139, 69, 19], [139, 69, 19], [0, 255, 255], [0, 255, 255], [0, 255, 255], [0, 255, 255], [0, 255, 255], [0, 255, 255], [0, 255, 255]]
[[0, 255, 255], [0, 255, 255], [255, 102, 0], [255, 102, 0], [0, 0, 255], [0, 0, 255], [255, 150, 0], [255, 150, 0], [0, 0, 255], [0, 0, 255], [255, 102, 0], [255, 102, 0], [0, 255, 255], [0, 255, 255], [0, 255, 255], [0, 255, 255], [0, 255, 255], [0, 255, 255], [0, 255, 255], [0, 255, 255], [139, 69, 19], [139, 69, 19], [139, 69, 19], [0, 255, 255], [0, 255, 255], [0, 255, 255], [0, 255, 255], [0, 255, 255], [0, 255, 255], [0, 255, 255]]
[[0, 255, 255], [0, 255, 255], [255, 102, 0], [255, 102, 0], [0, 0, 255], [0, 0, 255], [255, 150, 0], [255, 150, 0], [0, 0, 255], [0, 0, 255], [255, 102, 0], [255, 102, 0], [0, 255, 255], [0, 255, 255], [0, 255, 255], [0, 255, 255], [0, 255, 255], [0, 255, 255], [0, 255, 255], [0, 255, 255], [139, 69, 19], [139, 69, 19], [139, 69, 19], [0, 255, 255], [0, 255, 255], [0, 255, 255], [0, 255, 255], [0, 255, 255], [0, 255, 255], [0, 255, 255]]
[[0, 255, 255], [0, 255, 255], [255, 102, 0], [255, 102, 0], [255, 150, 0], [255, 150, 0], [255, 150, 0], [255, 150, 0], [255, 150, 0], [255, 150, 0], [255, 102, 0], [255, 102, 0], [0, 255, 255], [0, 255, 255], [0, 255, 255], [0, 255, 255], [0, 255, 255], [0, 255, 255], [0, 255, 255], [0, 255, 255], [139, 69, 19], [139, 69, 19], [139, 69, 19], [0, 255, 255], [0, 255, 255], [0, 255, 255], [0, 255, 255], [0, 255, 255], [0, 255, 255], [0, 255, 255]]
[[0, 255, 255], [0, 255, 255], [255, 102, 0], [255, 102, 0], [255, 150, 0], [255, 150, 0], [255, 150, 0], [255, 150, 0], [255, 150, 0], [255, 150, 0], [255, 102, 0], [255, 102, 0], [0, 255, 255], [0, 255, 255], [0, 255, 255], [0, 255, 255], [0, 255, 255], [0, 255, 255], [0, 255, 255], [0, 255, 255], [139, 69, 19], [139, 69, 19], [139, 69, 19], [0, 255, 255], [0, 255, 255], [0, 255, 255], [0, 255, 255], [0, 255, 255], [0, 255, 255], [0, 255, 255]]
[[0, 255, 255], [0, 255, 255], [255, 102, 0], [255, 102, 0], [255, 150, 0], [255, 150, 0], [82, 54, 16], [82, 54, 16], [255, 150, 0], [255, 150, 0], [255, 102, 0], [255, 102, 0], [0, 255, 255], [0, 255, 255], [0, 255, 255], [0, 255, 255], [0, 255, 255], [0, 255, 255], [0, 255, 255], [0, 255, 255], [139, 69, 19], [139, 69, 19], [139, 69, 19], [0, 255, 255], [0, 255, 255], [0, 255, 255], [0, 255, 255], [0, 255, 255], [0, 255, 255], [0, 255, 255]]
[[0, 255, 255], [0, 255, 255], [255, 102, 0], [255, 102, 0], [255, 150, 0], [255, 150, 0], [82, 54, 16], [82, 54, 16], [255, 150, 0], [255, 150, 0], [255, 102, 0], [255, 102, 0], [0, 255, 255], [0, 255, 255], [0, 255, 255], [0, 255, 255], [0, 255, 255], [0, 255, 255], [0, 255, 255], [0, 255, 255], [139, 69, 19], [139, 69, 19], [139, 69, 19], [0, 255, 255], [0, 255, 255], [0, 255, 255], [0, 255, 255], [0, 255, 255], [0, 255, 255], [0, 255, 255]]
[[0, 255, 255], [0, 255, 255], [255, 102, 0], [255, 102, 0], [255, 150, 0], [255, 150, 0], [82, 54, 16], [82, 54, 16], [255, 150, 0], [255, 150, 0], [255, 102, 0], [255, 102, 0], [0, 255, 255], [0, 255, 255], [0, 255, 255], [0, 255, 255], [0, 255, 255], [0, 255, 255], [0, 255, 255], [0, 255, 255], [139, 69, 19], [139, 69, 19], [139, 69, 19], [0, 255, 255], [0, 255, 255], [0, 255, 255], [0, 255, 255], [0, 255, 255], [0, 255, 255], [0, 255, 255]]
[[0, 255, 0], [0, 255, 0], [0, 255, 0], [0, 255, 0], [0, 255, 0], [0, 255, 0], [0, 255, 0], [0, 255, 0], [0, 255, 0], [0, 255, 0], [0, 255, 0], [0, 255, 0], [0, 255, 0], [0, 255, 0], [0, 255, 0], [0, 255, 0], [0, 255, 0], [0, 255, 0], [0, 255, 0], [0, 255, 0], [0, 255, 0], [0, 255, 0], [0, 255, 0], [0, 255, 0], [0, 255, 0], [0, 255, 0], [0, 255, 0], [0, 255, 0], [0, 255, 0], [0, 255, 0]]
[[0, 255, 0], [0, 255, 0], [0, 255, 0], [0, 255, 0], [0, 255, 0], [0, 255, 0], [0, 255, 0], [0, 255, 0], [0, 255, 0], [0, 255, 0], [0, 255, 0], [0, 255, 0], [0, 255, 0], [0, 255, 0], [0, 255, 0], [0, 255, 0], [0, 255, 0], [0, 255, 0], [0, 255, 0], [0, 255, 0], [0, 255, 0], [0, 255, 0], [0, 255, 0], [0, 255, 0], [0, 255, 0], [0, 255, 0], [0, 255, 0], [0, 255, 0], [0, 255, 0], [0, 255, 0]]
[[0, 255, 0], [0, 255, 0], [0, 255, 0], [0, 255, 0], [0, 255, 0], [0, 255, 0], [0, 255, 0], [0, 255, 0], [0, 255, 0], [0, 255, 0], [0, 255, 0], [0, 255, 0], [0, 255, 0], [0, 255, 0], [0, 255, 0], [0, 255, 0], [0, 255, 0], [0, 255, 0], [0, 255, 0], [0, 255, 0], [0, 255, 0], [0, 255, 0], [0, 255, 0], [0, 255, 0], [0, 255, 0], [0, 255, 0], [0, 255, 0], [0, 255, 0], [0, 255, 0], [0, 255, 0]]
